100
200
300
400
500
600
700
800
900
1000
1200
1400
1600
1800
2000
2200
2400
2600
2800
3000
3200
3400
3600
3800
4000
4500
5000
5500
6000
6500
7000
7500
8000
8500
9000
9500
10000
12000
14000
16000
18000
20000
22000
24000
26000
28000
30000
32000
34000
36000
38000
40000
42000
44000
46000
48000
50000
52000
54000
56000
58000
60000
62000
64000
66000
68000
70000
72000
74000
76000
78000
80000
82000
84000
86000
88000
90000
92000
94000
96000
98000
100000
102000
104000
106000
108000
110000
112000
114000
116000
118000
120000